(kicad_pcb (version 20171130) (host pcbnew "(5.1.0)-1")

  (general
    (thickness 1.6)
    (drawings 8)
    (tracks 0)
    (zones 0)
    (modules 41)
    (nets 83)
  )

  (page A4)
  (layers
    (0 F.Cu signal)
    (31 B.Cu signal)
    (32 B.Adhes user)
    (33 F.Adhes user)
    (34 B.Paste user)
    (35 F.Paste user)
    (36 B.SilkS user)
    (37 F.SilkS user)
    (38 B.Mask user)
    (39 F.Mask user)
    (40 Dwgs.User user)
    (41 Cmts.User user)
    (42 Eco1.User user)
    (43 Eco2.User user)
    (44 Edge.Cuts user)
    (45 Margin user)
    (46 B.CrtYd user)
    (47 F.CrtYd user)
    (48 B.Fab user)
    (49 F.Fab user)
  )

  (setup
    (last_trace_width 0.25)
    (trace_clearance 0.2)
    (zone_clearance 0.508)
    (zone_45_only no)
    (trace_min 0.2)
    (via_size 0.8)
    (via_drill 0.4)
    (via_min_size 0.4)
    (via_min_drill 0.3)
    (uvia_size 0.3)
    (uvia_drill 0.1)
    (uvias_allowed no)
    (uvia_min_size 0.2)
    (uvia_min_drill 0.1)
    (edge_width 0.15)
    (segment_width 0.2)
    (pcb_text_width 0.3)
    (pcb_text_size 1.5 1.5)
    (mod_edge_width 0.15)
    (mod_text_size 1 1)
    (mod_text_width 0.15)
    (pad_size 1.524 1.524)
    (pad_drill 0.762)
    (pad_to_mask_clearance 0.2)
    (aux_axis_origin 0 0)
    (grid_origin 55.08 144.93)
    (visible_elements 7FFFFFFF)
    (pcbplotparams
      (layerselection 0x00030_ffffffff)
      (usegerberextensions false)
      (usegerberattributes false)
      (usegerberadvancedattributes false)
      (creategerberjobfile false)
      (excludeedgelayer true)
      (linewidth 0.100000)
      (plotframeref false)
      (viasonmask false)
      (mode 1)
      (useauxorigin false)
      (hpglpennumber 1)
      (hpglpenspeed 20)
      (hpglpendiameter 15.000000)
      (psnegative false)
      (psa4output false)
      (plotreference true)
      (plotvalue true)
      (plotinvisibletext false)
      (padsonsilk false)
      (subtractmaskfromsilk false)
      (outputformat 1)
      (mirror false)
      (drillshape 0)
      (scaleselection 1)
      (outputdirectory ""))
  )

  (net 0 "")
  (net 1 "Net-(MK1-Pad1)")
  (net 2 "Net-(MK2-Pad1)")
  (net 3 "Net-(MK3-Pad1)")
  (net 4 "Net-(MK4-Pad1)")
  (net 5 GND)
  (net 6 +3V3)
  (net 7 "Net-(C8-Pad1)")
  (net 8 SEN0193)
  (net 9 TMP36GT)
  (net 10 +12V)
  (net 11 "Net-(C12-Pad2)")
  (net 12 "Net-(C13-Pad1)")
  (net 13 "Net-(C14-Pad1)")
  (net 14 "Net-(IC1-Pad2)")
  (net 15 "Net-(J2-Pad1)")
  (net 16 NRF24L01P_CSN)
  (net 17 NRF24L01P_CE)
  (net 18 NRF24L01P_MOSI)
  (net 19 NRF24L01P_SCK)
  (net 20 NRF24L01P_IRQ)
  (net 21 NRF24L01P_MISO)
  (net 22 "Net-(Q1-Pad2)")
  (net 23 HS1101)
  (net 24 "Net-(R5-Pad2)")
  (net 25 MOTOR)
  (net 26 "Net-(U1-Pad1)")
  (net 27 "Net-(U1-Pad6)")
  (net 28 "Net-(U1-Pad9)")
  (net 29 "Net-(U1-Pad10)")
  (net 30 "Net-(U1-Pad11)")
  (net 31 "Net-(U1-Pad12)")
  (net 32 "Net-(U1-Pad13)")
  (net 33 "Net-(U1-Pad14)")
  (net 34 "Net-(U1-Pad15)")
  (net 35 "Net-(U1-Pad16)")
  (net 36 "Net-(U1-Pad22)")
  (net 37 "Net-(U1-Pad23)")
  (net 38 "Net-(U1-Pad24)")
  (net 39 "Net-(U1-Pad25)")
  (net 40 "Net-(J3-Pad4)")
  (net 41 "Net-(J3-Pad2)")
  (net 42 "Net-(U1-Pad30)")
  (net 43 "Net-(U1-Pad31)")
  (net 44 "Net-(U1-Pad32)")
  (net 45 "Net-(U1-Pad33)")
  (net 46 "Net-(U1-Pad34)")
  (net 47 "Net-(U1-Pad35)")
  (net 48 "Net-(U1-Pad36)")
  (net 49 "Net-(U1-Pad41)")
  (net 50 "Net-(U1-Pad45)")
  (net 51 "Net-(U1-Pad46)")
  (net 52 "Net-(U1-Pad47)")
  (net 53 "Net-(U1-Pad48)")
  (net 54 "Net-(U1-Pad49)")
  (net 55 "Net-(U1-Pad50)")
  (net 56 "Net-(U1-Pad51)")
  (net 57 "Net-(U1-Pad52)")
  (net 58 "Net-(U1-Pad53)")
  (net 59 "Net-(U1-Pad54)")
  (net 60 "Net-(U1-Pad55)")
  (net 61 "Net-(U1-Pad56)")
  (net 62 "Net-(U1-Pad57)")
  (net 63 "Net-(U1-Pad58)")
  (net 64 "Net-(U1-Pad61)")
  (net 65 "Net-(U1-Pad62)")
  (net 66 "Net-(U1-Pad63)")
  (net 67 "Net-(U1-Pad64)")
  (net 68 "Net-(U1-Pad65)")
  (net 69 "Net-(U1-Pad66)")
  (net 70 "Net-(U1-Pad67)")
  (net 71 "Net-(U1-Pad68)")
  (net 72 "Net-(U1-Pad69)")
  (net 73 "Net-(U1-Pad70)")
  (net 74 "Net-(U1-Pad71)")
  (net 75 "Net-(U1-Pad72)")
  (net 76 "Net-(U1-Pad74)")
  (net 77 "Net-(U1-Pad75)")
  (net 78 "Net-(U1-Pad76)")
  (net 79 "Net-(U1-Pad77)")
  (net 80 "Net-(U1-Pad78)")
  (net 81 "Net-(U1-Pad79)")
  (net 82 "Net-(U1-Pad80)")

  (net_class Default "This is the default net class."
    (clearance 0.2)
    (trace_width 0.25)
    (via_dia 0.8)
    (via_drill 0.4)
    (uvia_dia 0.3)
    (uvia_drill 0.1)
    (add_net +12V)
    (add_net +3V3)
    (add_net GND)
    (add_net HS1101)
    (add_net MOTOR)
    (add_net NRF24L01P_CE)
    (add_net NRF24L01P_CSN)
    (add_net NRF24L01P_IRQ)
    (add_net NRF24L01P_MISO)
    (add_net NRF24L01P_MOSI)
    (add_net NRF24L01P_SCK)
    (add_net "Net-(C12-Pad2)")
    (add_net "Net-(C13-Pad1)")
    (add_net "Net-(C14-Pad1)")
    (add_net "Net-(C8-Pad1)")
    (add_net "Net-(IC1-Pad2)")
    (add_net "Net-(J2-Pad1)")
    (add_net "Net-(J3-Pad2)")
    (add_net "Net-(J3-Pad4)")
    (add_net "Net-(MK1-Pad1)")
    (add_net "Net-(MK2-Pad1)")
    (add_net "Net-(MK3-Pad1)")
    (add_net "Net-(MK4-Pad1)")
    (add_net "Net-(Q1-Pad2)")
    (add_net "Net-(R5-Pad2)")
    (add_net "Net-(U1-Pad1)")
    (add_net "Net-(U1-Pad10)")
    (add_net "Net-(U1-Pad11)")
    (add_net "Net-(U1-Pad12)")
    (add_net "Net-(U1-Pad13)")
    (add_net "Net-(U1-Pad14)")
    (add_net "Net-(U1-Pad15)")
    (add_net "Net-(U1-Pad16)")
    (add_net "Net-(U1-Pad22)")
    (add_net "Net-(U1-Pad23)")
    (add_net "Net-(U1-Pad24)")
    (add_net "Net-(U1-Pad25)")
    (add_net "Net-(U1-Pad30)")
    (add_net "Net-(U1-Pad31)")
    (add_net "Net-(U1-Pad32)")
    (add_net "Net-(U1-Pad33)")
    (add_net "Net-(U1-Pad34)")
    (add_net "Net-(U1-Pad35)")
    (add_net "Net-(U1-Pad36)")
    (add_net "Net-(U1-Pad41)")
    (add_net "Net-(U1-Pad45)")
    (add_net "Net-(U1-Pad46)")
    (add_net "Net-(U1-Pad47)")
    (add_net "Net-(U1-Pad48)")
    (add_net "Net-(U1-Pad49)")
    (add_net "Net-(U1-Pad50)")
    (add_net "Net-(U1-Pad51)")
    (add_net "Net-(U1-Pad52)")
    (add_net "Net-(U1-Pad53)")
    (add_net "Net-(U1-Pad54)")
    (add_net "Net-(U1-Pad55)")
    (add_net "Net-(U1-Pad56)")
    (add_net "Net-(U1-Pad57)")
    (add_net "Net-(U1-Pad58)")
    (add_net "Net-(U1-Pad6)")
    (add_net "Net-(U1-Pad61)")
    (add_net "Net-(U1-Pad62)")
    (add_net "Net-(U1-Pad63)")
    (add_net "Net-(U1-Pad64)")
    (add_net "Net-(U1-Pad65)")
    (add_net "Net-(U1-Pad66)")
    (add_net "Net-(U1-Pad67)")
    (add_net "Net-(U1-Pad68)")
    (add_net "Net-(U1-Pad69)")
    (add_net "Net-(U1-Pad70)")
    (add_net "Net-(U1-Pad71)")
    (add_net "Net-(U1-Pad72)")
    (add_net "Net-(U1-Pad74)")
    (add_net "Net-(U1-Pad75)")
    (add_net "Net-(U1-Pad76)")
    (add_net "Net-(U1-Pad77)")
    (add_net "Net-(U1-Pad78)")
    (add_net "Net-(U1-Pad79)")
    (add_net "Net-(U1-Pad80)")
    (add_net "Net-(U1-Pad9)")
    (add_net SEN0193)
    (add_net TMP36GT)
  )

  (module Mounting_Holes:MountingHole_2.7mm (layer F.Cu) (tedit 5A6CF9C5) (tstamp 597559B3)
    (at 58.6 139.45)
    (descr "Mounting Hole 2.7mm, no annular")
    (tags "mounting hole 2.7mm no annular")
    (path /5A6CFFFA)
    (fp_text reference MK3 (at 0 -3.7) (layer F.SilkS) hide
      (effects (font (size 1 1) (thickness 0.15)))
    )
    (fp_text value Mounting_Hole_PAD (at 0 3.7) (layer F.Fab) hide
      (effects (font (size 1 1) (thickness 0.15)))
    )
    (fp_circle (center 0 0) (end 2.7 0) (layer Cmts.User) (width 0.15))
    (fp_circle (center 0 0) (end 2.95 0) (layer F.CrtYd) (width 0.05))
    (pad 1 np_thru_hole circle (at 0 0) (size 2.7 2.7) (drill 2.7) (layers *.Cu *.Mask)
      (net 3 "Net-(MK3-Pad1)"))
  )

  (module Mounting_Holes:MountingHole_2.7mm (layer F.Cu) (tedit 5A6CF9B3) (tstamp 59755B13)
    (at 58.6 50.55)
    (descr "Mounting Hole 2.7mm, no annular")
    (tags "mounting hole 2.7mm no annular")
    (path /5A6CFED2)
    (fp_text reference MK1 (at 0 -3.7) (layer F.SilkS) hide
      (effects (font (size 1 1) (thickness 0.15)))
    )
    (fp_text value Mounting_Hole_PAD (at 0 3.7) (layer F.Fab) hide
      (effects (font (size 1 1) (thickness 0.15)))
    )
    (fp_circle (center 0 0) (end 2.7 0) (layer Cmts.User) (width 0.15))
    (fp_circle (center 0 0) (end 2.95 0) (layer F.CrtYd) (width 0.05))
    (pad 1 np_thru_hole circle (at 0 0) (size 2.7 2.7) (drill 2.7) (layers *.Cu *.Mask)
      (net 1 "Net-(MK1-Pad1)"))
  )

  (module Mounting_Holes:MountingHole_2.7mm (layer F.Cu) (tedit 5A6CF9D1) (tstamp 59755F5D)
    (at 212.24 139.45)
    (descr "Mounting Hole 2.7mm, no annular")
    (tags "mounting hole 2.7mm no annular")
    (path /5A6D003F)
    (fp_text reference MK4 (at 0 -3.7) (layer F.SilkS) hide
      (effects (font (size 1 1) (thickness 0.15)))
    )
    (fp_text value Mounting_Hole_PAD (at 0 3.7) (layer F.Fab) hide
      (effects (font (size 1 1) (thickness 0.15)))
    )
    (fp_circle (center 0 0) (end 2.7 0) (layer Cmts.User) (width 0.15))
    (fp_circle (center 0 0) (end 2.95 0) (layer F.CrtYd) (width 0.05))
    (pad 1 np_thru_hole circle (at 0 0) (size 2.7 2.7) (drill 2.7) (layers *.Cu *.Mask)
      (net 4 "Net-(MK4-Pad1)"))
  )

  (module Mounting_Holes:MountingHole_2.7mm (layer F.Cu) (tedit 5A6CF9BC) (tstamp 59755F56)
    (at 212.24 50.55)
    (descr "Mounting Hole 2.7mm, no annular")
    (tags "mounting hole 2.7mm no annular")
    (path /5A6CFF98)
    (fp_text reference MK2 (at 0 -3.7) (layer F.SilkS) hide
      (effects (font (size 1 1) (thickness 0.15)))
    )
    (fp_text value Mounting_Hole_PAD (at 0 3.7) (layer F.Fab) hide
      (effects (font (size 1 1) (thickness 0.15)))
    )
    (fp_circle (center 0 0) (end 2.7 0) (layer Cmts.User) (width 0.15))
    (fp_circle (center 0 0) (end 2.95 0) (layer F.CrtYd) (width 0.05))
    (pad 1 np_thru_hole circle (at 0 0) (size 2.7 2.7) (drill 2.7) (layers *.Cu *.Mask)
      (net 2 "Net-(MK2-Pad1)"))
  )

  (module Capacitor_THT:CP_Radial_Tantal_D4.5mm_P5.00mm (layer F.Cu) (tedit 5AE50EF0) (tstamp 5E2A4D99)
    (at -2.364999 72.075001)
    (descr "CP, Radial_Tantal series, Radial, pin pitch=5.00mm, , diameter=4.5mm, Tantal Electrolytic Capacitor, http://cdn-reichelt.de/documents/datenblatt/B300/TANTAL-TB-Serie%23.pdf")
    (tags "CP Radial_Tantal series Radial pin pitch 5.00mm  diameter 4.5mm Tantal Electrolytic Capacitor")
    (path /5E264660)
    (fp_text reference C1 (at 2.5 -3.5) (layer F.SilkS)
      (effects (font (size 1 1) (thickness 0.15)))
    )
    (fp_text value C_Small (at 2.5 3.5) (layer F.Fab)
      (effects (font (size 1 1) (thickness 0.15)))
    )
    (fp_text user %R (at 2.5 0) (layer F.Fab)
      (effects (font (size 0.9 0.9) (thickness 0.135)))
    )
    (fp_line (start 0.187712 -1.56) (end 0.187712 -1.11) (layer F.SilkS) (width 0.12))
    (fp_line (start -0.037288 -1.335) (end 0.412712 -1.335) (layer F.SilkS) (width 0.12))
    (fp_line (start 0.80692 -1.2025) (end 0.80692 -0.7525) (layer F.Fab) (width 0.1))
    (fp_line (start 0.58192 -0.9775) (end 1.03192 -0.9775) (layer F.Fab) (width 0.1))
    (fp_circle (center 2.5 0) (end 6.22 0) (layer F.CrtYd) (width 0.05))
    (fp_circle (center 2.5 0) (end 4.75 0) (layer F.Fab) (width 0.1))
    (fp_arc (start 2.5 0) (end 0.380259 1.06) (angle -126.864288) (layer F.SilkS) (width 0.12))
    (fp_arc (start 2.5 0) (end 0.380259 -1.06) (angle 126.864288) (layer F.SilkS) (width 0.12))
    (pad 2 thru_hole circle (at 5 0) (size 1.6 1.6) (drill 0.8) (layers *.Cu *.Mask)
      (net 5 GND))
    (pad 1 thru_hole rect (at 0 0) (size 1.6 1.6) (drill 0.8) (layers *.Cu *.Mask)
      (net 6 +3V3))
    (model ${KISYS3DMOD}/Capacitor_THT.3dshapes/CP_Radial_Tantal_D4.5mm_P5.00mm.wrl
      (at (xyz 0 0 0))
      (scale (xyz 1 1 1))
      (rotate (xyz 0 0 0))
    )
  )

  (module Capacitor_THT:CP_Radial_Tantal_D4.5mm_P5.00mm (layer F.Cu) (tedit 5AE50EF0) (tstamp 5E2A4DA8)
    (at -16.164999 95.695001)
    (descr "CP, Radial_Tantal series, Radial, pin pitch=5.00mm, , diameter=4.5mm, Tantal Electrolytic Capacitor, http://cdn-reichelt.de/documents/datenblatt/B300/TANTAL-TB-Serie%23.pdf")
    (tags "CP Radial_Tantal series Radial pin pitch 5.00mm  diameter 4.5mm Tantal Electrolytic Capacitor")
    (path /5E25E894)
    (fp_text reference C2 (at 2.5 -3.5) (layer F.SilkS)
      (effects (font (size 1 1) (thickness 0.15)))
    )
    (fp_text value C_Small (at 2.5 3.5) (layer F.Fab)
      (effects (font (size 1 1) (thickness 0.15)))
    )
    (fp_arc (start 2.5 0) (end 0.380259 -1.06) (angle 126.864288) (layer F.SilkS) (width 0.12))
    (fp_arc (start 2.5 0) (end 0.380259 1.06) (angle -126.864288) (layer F.SilkS) (width 0.12))
    (fp_circle (center 2.5 0) (end 4.75 0) (layer F.Fab) (width 0.1))
    (fp_circle (center 2.5 0) (end 6.22 0) (layer F.CrtYd) (width 0.05))
    (fp_line (start 0.58192 -0.9775) (end 1.03192 -0.9775) (layer F.Fab) (width 0.1))
    (fp_line (start 0.80692 -1.2025) (end 0.80692 -0.7525) (layer F.Fab) (width 0.1))
    (fp_line (start -0.037288 -1.335) (end 0.412712 -1.335) (layer F.SilkS) (width 0.12))
    (fp_line (start 0.187712 -1.56) (end 0.187712 -1.11) (layer F.SilkS) (width 0.12))
    (fp_text user %R (at 2.5 0) (layer F.Fab)
      (effects (font (size 0.9 0.9) (thickness 0.135)))
    )
    (pad 1 thru_hole rect (at 0 0) (size 1.6 1.6) (drill 0.8) (layers *.Cu *.Mask)
      (net 6 +3V3))
    (pad 2 thru_hole circle (at 5 0) (size 1.6 1.6) (drill 0.8) (layers *.Cu *.Mask)
      (net 5 GND))
    (model ${KISYS3DMOD}/Capacitor_THT.3dshapes/CP_Radial_Tantal_D4.5mm_P5.00mm.wrl
      (at (xyz 0 0 0))
      (scale (xyz 1 1 1))
      (rotate (xyz 0 0 0))
    )
  )

  (module Capacitor_THT:CP_Radial_Tantal_D4.5mm_P5.00mm (layer F.Cu) (tedit 5AE50EF0) (tstamp 5E2A4DB7)
    (at 5.55 63.65)
    (descr "CP, Radial_Tantal series, Radial, pin pitch=5.00mm, , diameter=4.5mm, Tantal Electrolytic Capacitor, http://cdn-reichelt.de/documents/datenblatt/B300/TANTAL-TB-Serie%23.pdf")
    (tags "CP Radial_Tantal series Radial pin pitch 5.00mm  diameter 4.5mm Tantal Electrolytic Capacitor")
    (path /5E260057)
    (fp_text reference C3 (at 2.5 -3.5) (layer F.SilkS)
      (effects (font (size 1 1) (thickness 0.15)))
    )
    (fp_text value C_Small (at 2.5 3.5) (layer F.Fab)
      (effects (font (size 1 1) (thickness 0.15)))
    )
    (fp_arc (start 2.5 0) (end 0.380259 -1.06) (angle 126.864288) (layer F.SilkS) (width 0.12))
    (fp_arc (start 2.5 0) (end 0.380259 1.06) (angle -126.864288) (layer F.SilkS) (width 0.12))
    (fp_circle (center 2.5 0) (end 4.75 0) (layer F.Fab) (width 0.1))
    (fp_circle (center 2.5 0) (end 6.22 0) (layer F.CrtYd) (width 0.05))
    (fp_line (start 0.58192 -0.9775) (end 1.03192 -0.9775) (layer F.Fab) (width 0.1))
    (fp_line (start 0.80692 -1.2025) (end 0.80692 -0.7525) (layer F.Fab) (width 0.1))
    (fp_line (start -0.037288 -1.335) (end 0.412712 -1.335) (layer F.SilkS) (width 0.12))
    (fp_line (start 0.187712 -1.56) (end 0.187712 -1.11) (layer F.SilkS) (width 0.12))
    (fp_text user %R (at 2.5 0) (layer F.Fab)
      (effects (font (size 0.9 0.9) (thickness 0.135)))
    )
    (pad 1 thru_hole rect (at 0 0) (size 1.6 1.6) (drill 0.8) (layers *.Cu *.Mask)
      (net 6 +3V3))
    (pad 2 thru_hole circle (at 5 0) (size 1.6 1.6) (drill 0.8) (layers *.Cu *.Mask)
      (net 5 GND))
    (model ${KISYS3DMOD}/Capacitor_THT.3dshapes/CP_Radial_Tantal_D4.5mm_P5.00mm.wrl
      (at (xyz 0 0 0))
      (scale (xyz 1 1 1))
      (rotate (xyz 0 0 0))
    )
  )

  (module Capacitor_THT:CP_Radial_Tantal_D4.5mm_P5.00mm (layer F.Cu) (tedit 5AE50EF0) (tstamp 5E2A4DC6)
    (at -7.674999 99.275001)
    (descr "CP, Radial_Tantal series, Radial, pin pitch=5.00mm, , diameter=4.5mm, Tantal Electrolytic Capacitor, http://cdn-reichelt.de/documents/datenblatt/B300/TANTAL-TB-Serie%23.pdf")
    (tags "CP Radial_Tantal series Radial pin pitch 5.00mm  diameter 4.5mm Tantal Electrolytic Capacitor")
    (path /5E26029B)
    (fp_text reference C4 (at 2.5 -3.5) (layer F.SilkS)
      (effects (font (size 1 1) (thickness 0.15)))
    )
    (fp_text value C_Small (at 2.5 3.5) (layer F.Fab)
      (effects (font (size 1 1) (thickness 0.15)))
    )
    (fp_arc (start 2.5 0) (end 0.380259 -1.06) (angle 126.864288) (layer F.SilkS) (width 0.12))
    (fp_arc (start 2.5 0) (end 0.380259 1.06) (angle -126.864288) (layer F.SilkS) (width 0.12))
    (fp_circle (center 2.5 0) (end 4.75 0) (layer F.Fab) (width 0.1))
    (fp_circle (center 2.5 0) (end 6.22 0) (layer F.CrtYd) (width 0.05))
    (fp_line (start 0.58192 -0.9775) (end 1.03192 -0.9775) (layer F.Fab) (width 0.1))
    (fp_line (start 0.80692 -1.2025) (end 0.80692 -0.7525) (layer F.Fab) (width 0.1))
    (fp_line (start -0.037288 -1.335) (end 0.412712 -1.335) (layer F.SilkS) (width 0.12))
    (fp_line (start 0.187712 -1.56) (end 0.187712 -1.11) (layer F.SilkS) (width 0.12))
    (fp_text user %R (at 2.5 0) (layer F.Fab)
      (effects (font (size 0.9 0.9) (thickness 0.135)))
    )
    (pad 1 thru_hole rect (at 0 0) (size 1.6 1.6) (drill 0.8) (layers *.Cu *.Mask)
      (net 6 +3V3))
    (pad 2 thru_hole circle (at 5 0) (size 1.6 1.6) (drill 0.8) (layers *.Cu *.Mask)
      (net 5 GND))
    (model ${KISYS3DMOD}/Capacitor_THT.3dshapes/CP_Radial_Tantal_D4.5mm_P5.00mm.wrl
      (at (xyz 0 0 0))
      (scale (xyz 1 1 1))
      (rotate (xyz 0 0 0))
    )
  )

  (module Capacitor_THT:CP_Radial_Tantal_D4.5mm_P5.00mm (layer F.Cu) (tedit 5AE50EF0) (tstamp 5E2A4DD5)
    (at 2.175001 90.785001)
    (descr "CP, Radial_Tantal series, Radial, pin pitch=5.00mm, , diameter=4.5mm, Tantal Electrolytic Capacitor, http://cdn-reichelt.de/documents/datenblatt/B300/TANTAL-TB-Serie%23.pdf")
    (tags "CP Radial_Tantal series Radial pin pitch 5.00mm  diameter 4.5mm Tantal Electrolytic Capacitor")
    (path /5E2618C1)
    (fp_text reference C5 (at 2.5 -3.5) (layer F.SilkS)
      (effects (font (size 1 1) (thickness 0.15)))
    )
    (fp_text value C_Small (at 2.5 3.5) (layer F.Fab)
      (effects (font (size 1 1) (thickness 0.15)))
    )
    (fp_text user %R (at 2.5 0) (layer F.Fab)
      (effects (font (size 0.9 0.9) (thickness 0.135)))
    )
    (fp_line (start 0.187712 -1.56) (end 0.187712 -1.11) (layer F.SilkS) (width 0.12))
    (fp_line (start -0.037288 -1.335) (end 0.412712 -1.335) (layer F.SilkS) (width 0.12))
    (fp_line (start 0.80692 -1.2025) (end 0.80692 -0.7525) (layer F.Fab) (width 0.1))
    (fp_line (start 0.58192 -0.9775) (end 1.03192 -0.9775) (layer F.Fab) (width 0.1))
    (fp_circle (center 2.5 0) (end 6.22 0) (layer F.CrtYd) (width 0.05))
    (fp_circle (center 2.5 0) (end 4.75 0) (layer F.Fab) (width 0.1))
    (fp_arc (start 2.5 0) (end 0.380259 1.06) (angle -126.864288) (layer F.SilkS) (width 0.12))
    (fp_arc (start 2.5 0) (end 0.380259 -1.06) (angle 126.864288) (layer F.SilkS) (width 0.12))
    (pad 2 thru_hole circle (at 5 0) (size 1.6 1.6) (drill 0.8) (layers *.Cu *.Mask)
      (net 5 GND))
    (pad 1 thru_hole rect (at 0 0) (size 1.6 1.6) (drill 0.8) (layers *.Cu *.Mask)
      (net 6 +3V3))
    (model ${KISYS3DMOD}/Capacitor_THT.3dshapes/CP_Radial_Tantal_D4.5mm_P5.00mm.wrl
      (at (xyz 0 0 0))
      (scale (xyz 1 1 1))
      (rotate (xyz 0 0 0))
    )
  )

  (module Capacitor_THT:CP_Radial_Tantal_D4.5mm_P5.00mm (layer F.Cu) (tedit 5AE50EF0) (tstamp 5E2A4DE4)
    (at -10.854999 72.135001)
    (descr "CP, Radial_Tantal series, Radial, pin pitch=5.00mm, , diameter=4.5mm, Tantal Electrolytic Capacitor, http://cdn-reichelt.de/documents/datenblatt/B300/TANTAL-TB-Serie%23.pdf")
    (tags "CP Radial_Tantal series Radial pin pitch 5.00mm  diameter 4.5mm Tantal Electrolytic Capacitor")
    (path /5E2618C7)
    (fp_text reference C6 (at 2.5 -3.5) (layer F.SilkS)
      (effects (font (size 1 1) (thickness 0.15)))
    )
    (fp_text value C_Small (at 2.5 3.5) (layer F.Fab)
      (effects (font (size 1 1) (thickness 0.15)))
    )
    (fp_arc (start 2.5 0) (end 0.380259 -1.06) (angle 126.864288) (layer F.SilkS) (width 0.12))
    (fp_arc (start 2.5 0) (end 0.380259 1.06) (angle -126.864288) (layer F.SilkS) (width 0.12))
    (fp_circle (center 2.5 0) (end 4.75 0) (layer F.Fab) (width 0.1))
    (fp_circle (center 2.5 0) (end 6.22 0) (layer F.CrtYd) (width 0.05))
    (fp_line (start 0.58192 -0.9775) (end 1.03192 -0.9775) (layer F.Fab) (width 0.1))
    (fp_line (start 0.80692 -1.2025) (end 0.80692 -0.7525) (layer F.Fab) (width 0.1))
    (fp_line (start -0.037288 -1.335) (end 0.412712 -1.335) (layer F.SilkS) (width 0.12))
    (fp_line (start 0.187712 -1.56) (end 0.187712 -1.11) (layer F.SilkS) (width 0.12))
    (fp_text user %R (at 2.5 0) (layer F.Fab)
      (effects (font (size 0.9 0.9) (thickness 0.135)))
    )
    (pad 1 thru_hole rect (at 0 0) (size 1.6 1.6) (drill 0.8) (layers *.Cu *.Mask)
      (net 6 +3V3))
    (pad 2 thru_hole circle (at 5 0) (size 1.6 1.6) (drill 0.8) (layers *.Cu *.Mask)
      (net 5 GND))
    (model ${KISYS3DMOD}/Capacitor_THT.3dshapes/CP_Radial_Tantal_D4.5mm_P5.00mm.wrl
      (at (xyz 0 0 0))
      (scale (xyz 1 1 1))
      (rotate (xyz 0 0 0))
    )
  )

  (module Capacitor_THT:CP_Radial_Tantal_D4.5mm_P5.00mm (layer F.Cu) (tedit 5AE50EF0) (tstamp 5E2A4DF3)
    (at -6.314999 90.785001)
    (descr "CP, Radial_Tantal series, Radial, pin pitch=5.00mm, , diameter=4.5mm, Tantal Electrolytic Capacitor, http://cdn-reichelt.de/documents/datenblatt/B300/TANTAL-TB-Serie%23.pdf")
    (tags "CP Radial_Tantal series Radial pin pitch 5.00mm  diameter 4.5mm Tantal Electrolytic Capacitor")
    (path /5E2618CD)
    (fp_text reference C7 (at 2.5 -3.5) (layer F.SilkS)
      (effects (font (size 1 1) (thickness 0.15)))
    )
    (fp_text value C_Small (at 2.5 3.5) (layer F.Fab)
      (effects (font (size 1 1) (thickness 0.15)))
    )
    (fp_text user %R (at 2.5 0) (layer F.Fab)
      (effects (font (size 0.9 0.9) (thickness 0.135)))
    )
    (fp_line (start 0.187712 -1.56) (end 0.187712 -1.11) (layer F.SilkS) (width 0.12))
    (fp_line (start -0.037288 -1.335) (end 0.412712 -1.335) (layer F.SilkS) (width 0.12))
    (fp_line (start 0.80692 -1.2025) (end 0.80692 -0.7525) (layer F.Fab) (width 0.1))
    (fp_line (start 0.58192 -0.9775) (end 1.03192 -0.9775) (layer F.Fab) (width 0.1))
    (fp_circle (center 2.5 0) (end 6.22 0) (layer F.CrtYd) (width 0.05))
    (fp_circle (center 2.5 0) (end 4.75 0) (layer F.Fab) (width 0.1))
    (fp_arc (start 2.5 0) (end 0.380259 1.06) (angle -126.864288) (layer F.SilkS) (width 0.12))
    (fp_arc (start 2.5 0) (end 0.380259 -1.06) (angle 126.864288) (layer F.SilkS) (width 0.12))
    (pad 2 thru_hole circle (at 5 0) (size 1.6 1.6) (drill 0.8) (layers *.Cu *.Mask)
      (net 5 GND))
    (pad 1 thru_hole rect (at 0 0) (size 1.6 1.6) (drill 0.8) (layers *.Cu *.Mask)
      (net 6 +3V3))
    (model ${KISYS3DMOD}/Capacitor_THT.3dshapes/CP_Radial_Tantal_D4.5mm_P5.00mm.wrl
      (at (xyz 0 0 0))
      (scale (xyz 1 1 1))
      (rotate (xyz 0 0 0))
    )
  )

  (module Capacitor_THT:CP_Radial_Tantal_D4.5mm_P5.00mm (layer F.Cu) (tedit 5AE50EF0) (tstamp 5E2A4E02)
    (at 185.89 63.65)
    (descr "CP, Radial_Tantal series, Radial, pin pitch=5.00mm, , diameter=4.5mm, Tantal Electrolytic Capacitor, http://cdn-reichelt.de/documents/datenblatt/B300/TANTAL-TB-Serie%23.pdf")
    (tags "CP Radial_Tantal series Radial pin pitch 5.00mm  diameter 4.5mm Tantal Electrolytic Capacitor")
    (path /5E522CC2)
    (fp_text reference C8 (at 2.5 -3.5) (layer F.SilkS)
      (effects (font (size 1 1) (thickness 0.15)))
    )
    (fp_text value 1uF (at 2.5 3.5) (layer F.Fab)
      (effects (font (size 1 1) (thickness 0.15)))
    )
    (fp_text user %R (at 2.5 0) (layer F.Fab)
      (effects (font (size 0.9 0.9) (thickness 0.135)))
    )
    (fp_line (start 0.187712 -1.56) (end 0.187712 -1.11) (layer F.SilkS) (width 0.12))
    (fp_line (start -0.037288 -1.335) (end 0.412712 -1.335) (layer F.SilkS) (width 0.12))
    (fp_line (start 0.80692 -1.2025) (end 0.80692 -0.7525) (layer F.Fab) (width 0.1))
    (fp_line (start 0.58192 -0.9775) (end 1.03192 -0.9775) (layer F.Fab) (width 0.1))
    (fp_circle (center 2.5 0) (end 6.22 0) (layer F.CrtYd) (width 0.05))
    (fp_circle (center 2.5 0) (end 4.75 0) (layer F.Fab) (width 0.1))
    (fp_arc (start 2.5 0) (end 0.380259 1.06) (angle -126.864288) (layer F.SilkS) (width 0.12))
    (fp_arc (start 2.5 0) (end 0.380259 -1.06) (angle 126.864288) (layer F.SilkS) (width 0.12))
    (pad 2 thru_hole circle (at 5 0) (size 1.6 1.6) (drill 0.8) (layers *.Cu *.Mask)
      (net 5 GND))
    (pad 1 thru_hole rect (at 0 0) (size 1.6 1.6) (drill 0.8) (layers *.Cu *.Mask)
      (net 7 "Net-(C8-Pad1)"))
    (model ${KISYS3DMOD}/Capacitor_THT.3dshapes/CP_Radial_Tantal_D4.5mm_P5.00mm.wrl
      (at (xyz 0 0 0))
      (scale (xyz 1 1 1))
      (rotate (xyz 0 0 0))
    )
  )

  (module Capacitor_THT:CP_Radial_Tantal_D4.5mm_P5.00mm (layer F.Cu) (tedit 5AE50EF0) (tstamp 5E2A4E11)
    (at 1.075001 124.765001)
    (descr "CP, Radial_Tantal series, Radial, pin pitch=5.00mm, , diameter=4.5mm, Tantal Electrolytic Capacitor, http://cdn-reichelt.de/documents/datenblatt/B300/TANTAL-TB-Serie%23.pdf")
    (tags "CP Radial_Tantal series Radial pin pitch 5.00mm  diameter 4.5mm Tantal Electrolytic Capacitor")
    (path /5E3AB7F2/5E4485B1)
    (fp_text reference C9 (at 2.5 -3.5) (layer F.SilkS)
      (effects (font (size 1 1) (thickness 0.15)))
    )
    (fp_text value 16nF (at 2.5 3.5) (layer F.Fab)
      (effects (font (size 1 1) (thickness 0.15)))
    )
    (fp_text user %R (at 2.5 0) (layer F.Fab)
      (effects (font (size 0.9 0.9) (thickness 0.135)))
    )
    (fp_line (start 0.187712 -1.56) (end 0.187712 -1.11) (layer F.SilkS) (width 0.12))
    (fp_line (start -0.037288 -1.335) (end 0.412712 -1.335) (layer F.SilkS) (width 0.12))
    (fp_line (start 0.80692 -1.2025) (end 0.80692 -0.7525) (layer F.Fab) (width 0.1))
    (fp_line (start 0.58192 -0.9775) (end 1.03192 -0.9775) (layer F.Fab) (width 0.1))
    (fp_circle (center 2.5 0) (end 6.22 0) (layer F.CrtYd) (width 0.05))
    (fp_circle (center 2.5 0) (end 4.75 0) (layer F.Fab) (width 0.1))
    (fp_arc (start 2.5 0) (end 0.380259 1.06) (angle -126.864288) (layer F.SilkS) (width 0.12))
    (fp_arc (start 2.5 0) (end 0.380259 -1.06) (angle 126.864288) (layer F.SilkS) (width 0.12))
    (pad 2 thru_hole circle (at 5 0) (size 1.6 1.6) (drill 0.8) (layers *.Cu *.Mask)
      (net 5 GND))
    (pad 1 thru_hole rect (at 0 0) (size 1.6 1.6) (drill 0.8) (layers *.Cu *.Mask)
      (net 8 SEN0193))
    (model ${KISYS3DMOD}/Capacitor_THT.3dshapes/CP_Radial_Tantal_D4.5mm_P5.00mm.wrl
      (at (xyz 0 0 0))
      (scale (xyz 1 1 1))
      (rotate (xyz 0 0 0))
    )
  )

  (module Capacitor_THT:CP_Radial_Tantal_D4.5mm_P5.00mm (layer F.Cu) (tedit 5AE50EF0) (tstamp 5E2A4E20)
    (at -8.774999 133.015001)
    (descr "CP, Radial_Tantal series, Radial, pin pitch=5.00mm, , diameter=4.5mm, Tantal Electrolytic Capacitor, http://cdn-reichelt.de/documents/datenblatt/B300/TANTAL-TB-Serie%23.pdf")
    (tags "CP Radial_Tantal series Radial pin pitch 5.00mm  diameter 4.5mm Tantal Electrolytic Capacitor")
    (path /5E3AB7F2/5E448590)
    (fp_text reference C10 (at 2.5 -3.5) (layer F.SilkS)
      (effects (font (size 1 1) (thickness 0.15)))
    )
    (fp_text value 16nF (at 2.5 3.5) (layer F.Fab)
      (effects (font (size 1 1) (thickness 0.15)))
    )
    (fp_arc (start 2.5 0) (end 0.380259 -1.06) (angle 126.864288) (layer F.SilkS) (width 0.12))
    (fp_arc (start 2.5 0) (end 0.380259 1.06) (angle -126.864288) (layer F.SilkS) (width 0.12))
    (fp_circle (center 2.5 0) (end 4.75 0) (layer F.Fab) (width 0.1))
    (fp_circle (center 2.5 0) (end 6.22 0) (layer F.CrtYd) (width 0.05))
    (fp_line (start 0.58192 -0.9775) (end 1.03192 -0.9775) (layer F.Fab) (width 0.1))
    (fp_line (start 0.80692 -1.2025) (end 0.80692 -0.7525) (layer F.Fab) (width 0.1))
    (fp_line (start -0.037288 -1.335) (end 0.412712 -1.335) (layer F.SilkS) (width 0.12))
    (fp_line (start 0.187712 -1.56) (end 0.187712 -1.11) (layer F.SilkS) (width 0.12))
    (fp_text user %R (at 2.5 0) (layer F.Fab)
      (effects (font (size 0.9 0.9) (thickness 0.135)))
    )
    (pad 1 thru_hole rect (at 0 0) (size 1.6 1.6) (drill 0.8) (layers *.Cu *.Mask)
      (net 9 TMP36GT))
    (pad 2 thru_hole circle (at 5 0) (size 1.6 1.6) (drill 0.8) (layers *.Cu *.Mask)
      (net 5 GND))
    (model ${KISYS3DMOD}/Capacitor_THT.3dshapes/CP_Radial_Tantal_D4.5mm_P5.00mm.wrl
      (at (xyz 0 0 0))
      (scale (xyz 1 1 1))
      (rotate (xyz 0 0 0))
    )
  )

  (module Capacitor_THT:CP_Radial_Tantal_D4.5mm_P5.00mm (layer F.Cu) (tedit 5AE50EF0) (tstamp 5E2A4E2F)
    (at 198.59 113.18 270)
    (descr "CP, Radial_Tantal series, Radial, pin pitch=5.00mm, , diameter=4.5mm, Tantal Electrolytic Capacitor, http://cdn-reichelt.de/documents/datenblatt/B300/TANTAL-TB-Serie%23.pdf")
    (tags "CP Radial_Tantal series Radial pin pitch 5.00mm  diameter 4.5mm Tantal Electrolytic Capacitor")
    (path /5E3AB7F2/5E298D26)
    (fp_text reference C11 (at 2.5 -3.5 270) (layer F.SilkS)
      (effects (font (size 1 1) (thickness 0.15)))
    )
    (fp_text value 20nF (at 2.5 3.5 270) (layer F.Fab)
      (effects (font (size 1 1) (thickness 0.15)))
    )
    (fp_arc (start 2.5 0) (end 0.380259 -1.06) (angle 126.864288) (layer F.SilkS) (width 0.12))
    (fp_arc (start 2.5 0) (end 0.380259 1.06) (angle -126.864288) (layer F.SilkS) (width 0.12))
    (fp_circle (center 2.5 0) (end 4.75 0) (layer F.Fab) (width 0.1))
    (fp_circle (center 2.5 0) (end 6.22 0) (layer F.CrtYd) (width 0.05))
    (fp_line (start 0.58192 -0.9775) (end 1.03192 -0.9775) (layer F.Fab) (width 0.1))
    (fp_line (start 0.80692 -1.2025) (end 0.80692 -0.7525) (layer F.Fab) (width 0.1))
    (fp_line (start -0.037288 -1.335) (end 0.412712 -1.335) (layer F.SilkS) (width 0.12))
    (fp_line (start 0.187712 -1.56) (end 0.187712 -1.11) (layer F.SilkS) (width 0.12))
    (fp_text user %R (at 2.5 0 270) (layer F.Fab)
      (effects (font (size 0.9 0.9) (thickness 0.135)))
    )
    (pad 1 thru_hole rect (at 0 0 270) (size 1.6 1.6) (drill 0.8) (layers *.Cu *.Mask)
      (net 10 +12V))
    (pad 2 thru_hole circle (at 5 0 270) (size 1.6 1.6) (drill 0.8) (layers *.Cu *.Mask)
      (net 5 GND))
    (model ${KISYS3DMOD}/Capacitor_THT.3dshapes/CP_Radial_Tantal_D4.5mm_P5.00mm.wrl
      (at (xyz 0 0 0))
      (scale (xyz 1 1 1))
      (rotate (xyz 0 0 0))
    )
  )

  (module Capacitor_THT:CP_Radial_Tantal_D4.5mm_P5.00mm (layer F.Cu) (tedit 5AE50EF0) (tstamp 5E2A4E3E)
    (at 80.48 99.21)
    (descr "CP, Radial_Tantal series, Radial, pin pitch=5.00mm, , diameter=4.5mm, Tantal Electrolytic Capacitor, http://cdn-reichelt.de/documents/datenblatt/B300/TANTAL-TB-Serie%23.pdf")
    (tags "CP Radial_Tantal series Radial pin pitch 5.00mm  diameter 4.5mm Tantal Electrolytic Capacitor")
    (path /5E39EB8D)
    (fp_text reference C12 (at 2.5 -3.5) (layer F.SilkS)
      (effects (font (size 1 1) (thickness 0.15)))
    )
    (fp_text value 22pF (at 2.5 3.5) (layer F.Fab)
      (effects (font (size 1 1) (thickness 0.15)))
    )
    (fp_arc (start 2.5 0) (end 0.380259 -1.06) (angle 126.864288) (layer F.SilkS) (width 0.12))
    (fp_arc (start 2.5 0) (end 0.380259 1.06) (angle -126.864288) (layer F.SilkS) (width 0.12))
    (fp_circle (center 2.5 0) (end 4.75 0) (layer F.Fab) (width 0.1))
    (fp_circle (center 2.5 0) (end 6.22 0) (layer F.CrtYd) (width 0.05))
    (fp_line (start 0.58192 -0.9775) (end 1.03192 -0.9775) (layer F.Fab) (width 0.1))
    (fp_line (start 0.80692 -1.2025) (end 0.80692 -0.7525) (layer F.Fab) (width 0.1))
    (fp_line (start -0.037288 -1.335) (end 0.412712 -1.335) (layer F.SilkS) (width 0.12))
    (fp_line (start 0.187712 -1.56) (end 0.187712 -1.11) (layer F.SilkS) (width 0.12))
    (fp_text user %R (at 2.5 0) (layer F.Fab)
      (effects (font (size 0.9 0.9) (thickness 0.135)))
    )
    (pad 1 thru_hole rect (at 0 0) (size 1.6 1.6) (drill 0.8) (layers *.Cu *.Mask)
      (net 5 GND))
    (pad 2 thru_hole circle (at 5 0) (size 1.6 1.6) (drill 0.8) (layers *.Cu *.Mask)
      (net 11 "Net-(C12-Pad2)"))
    (model ${KISYS3DMOD}/Capacitor_THT.3dshapes/CP_Radial_Tantal_D4.5mm_P5.00mm.wrl
      (at (xyz 0 0 0))
      (scale (xyz 1 1 1))
      (rotate (xyz 0 0 0))
    )
  )

  (module Capacitor_THT:CP_Radial_Tantal_D4.5mm_P5.00mm (layer F.Cu) (tedit 5AE50EF0) (tstamp 5E2A4E4D)
    (at 100.8 97.94)
    (descr "CP, Radial_Tantal series, Radial, pin pitch=5.00mm, , diameter=4.5mm, Tantal Electrolytic Capacitor, http://cdn-reichelt.de/documents/datenblatt/B300/TANTAL-TB-Serie%23.pdf")
    (tags "CP Radial_Tantal series Radial pin pitch 5.00mm  diameter 4.5mm Tantal Electrolytic Capacitor")
    (path /5E3A285B)
    (fp_text reference C13 (at 2.5 -3.5) (layer F.SilkS)
      (effects (font (size 1 1) (thickness 0.15)))
    )
    (fp_text value 22pF (at 2.5 3.5) (layer F.Fab)
      (effects (font (size 1 1) (thickness 0.15)))
    )
    (fp_text user %R (at 2.5 0) (layer F.Fab)
      (effects (font (size 0.9 0.9) (thickness 0.135)))
    )
    (fp_line (start 0.187712 -1.56) (end 0.187712 -1.11) (layer F.SilkS) (width 0.12))
    (fp_line (start -0.037288 -1.335) (end 0.412712 -1.335) (layer F.SilkS) (width 0.12))
    (fp_line (start 0.80692 -1.2025) (end 0.80692 -0.7525) (layer F.Fab) (width 0.1))
    (fp_line (start 0.58192 -0.9775) (end 1.03192 -0.9775) (layer F.Fab) (width 0.1))
    (fp_circle (center 2.5 0) (end 6.22 0) (layer F.CrtYd) (width 0.05))
    (fp_circle (center 2.5 0) (end 4.75 0) (layer F.Fab) (width 0.1))
    (fp_arc (start 2.5 0) (end 0.380259 1.06) (angle -126.864288) (layer F.SilkS) (width 0.12))
    (fp_arc (start 2.5 0) (end 0.380259 -1.06) (angle 126.864288) (layer F.SilkS) (width 0.12))
    (pad 2 thru_hole circle (at 5 0) (size 1.6 1.6) (drill 0.8) (layers *.Cu *.Mask)
      (net 5 GND))
    (pad 1 thru_hole rect (at 0 0) (size 1.6 1.6) (drill 0.8) (layers *.Cu *.Mask)
      (net 12 "Net-(C13-Pad1)"))
    (model ${KISYS3DMOD}/Capacitor_THT.3dshapes/CP_Radial_Tantal_D4.5mm_P5.00mm.wrl
      (at (xyz 0 0 0))
      (scale (xyz 1 1 1))
      (rotate (xyz 0 0 0))
    )
  )

  (module Capacitor_THT:CP_Radial_Tantal_D4.5mm_P5.00mm (layer F.Cu) (tedit 5AE50EF0) (tstamp 5E2A4E5C)
    (at -3.304999 80.625001)
    (descr "CP, Radial_Tantal series, Radial, pin pitch=5.00mm, , diameter=4.5mm, Tantal Electrolytic Capacitor, http://cdn-reichelt.de/documents/datenblatt/B300/TANTAL-TB-Serie%23.pdf")
    (tags "CP Radial_Tantal series Radial pin pitch 5.00mm  diameter 4.5mm Tantal Electrolytic Capacitor")
    (path /5E3EF0CD)
    (fp_text reference C14 (at 2.5 -3.5) (layer F.SilkS)
      (effects (font (size 1 1) (thickness 0.15)))
    )
    (fp_text value 1uF (at 2.5 3.5) (layer F.Fab)
      (effects (font (size 1 1) (thickness 0.15)))
    )
    (fp_text user %R (at 2.5 0) (layer F.Fab)
      (effects (font (size 0.9 0.9) (thickness 0.135)))
    )
    (fp_line (start 0.187712 -1.56) (end 0.187712 -1.11) (layer F.SilkS) (width 0.12))
    (fp_line (start -0.037288 -1.335) (end 0.412712 -1.335) (layer F.SilkS) (width 0.12))
    (fp_line (start 0.80692 -1.2025) (end 0.80692 -0.7525) (layer F.Fab) (width 0.1))
    (fp_line (start 0.58192 -0.9775) (end 1.03192 -0.9775) (layer F.Fab) (width 0.1))
    (fp_circle (center 2.5 0) (end 6.22 0) (layer F.CrtYd) (width 0.05))
    (fp_circle (center 2.5 0) (end 4.75 0) (layer F.Fab) (width 0.1))
    (fp_arc (start 2.5 0) (end 0.380259 1.06) (angle -126.864288) (layer F.SilkS) (width 0.12))
    (fp_arc (start 2.5 0) (end 0.380259 -1.06) (angle 126.864288) (layer F.SilkS) (width 0.12))
    (pad 2 thru_hole circle (at 5 0) (size 1.6 1.6) (drill 0.8) (layers *.Cu *.Mask)
      (net 5 GND))
    (pad 1 thru_hole rect (at 0 0) (size 1.6 1.6) (drill 0.8) (layers *.Cu *.Mask)
      (net 13 "Net-(C14-Pad1)"))
    (model ${KISYS3DMOD}/Capacitor_THT.3dshapes/CP_Radial_Tantal_D4.5mm_P5.00mm.wrl
      (at (xyz 0 0 0))
      (scale (xyz 1 1 1))
      (rotate (xyz 0 0 0))
    )
  )

  (module Capacitor_THT:CP_Radial_Tantal_D4.5mm_P5.00mm (layer F.Cu) (tedit 5AE50EF0) (tstamp 5E2A4E6B)
    (at 6.125001 72.075001)
    (descr "CP, Radial_Tantal series, Radial, pin pitch=5.00mm, , diameter=4.5mm, Tantal Electrolytic Capacitor, http://cdn-reichelt.de/documents/datenblatt/B300/TANTAL-TB-Serie%23.pdf")
    (tags "CP Radial_Tantal series Radial pin pitch 5.00mm  diameter 4.5mm Tantal Electrolytic Capacitor")
    (path /5E2A98D8)
    (fp_text reference C15 (at 2.5 -3.5) (layer F.SilkS)
      (effects (font (size 1 1) (thickness 0.15)))
    )
    (fp_text value C_Small (at 2.5 3.5) (layer F.Fab)
      (effects (font (size 1 1) (thickness 0.15)))
    )
    (fp_text user %R (at 2.5 0) (layer F.Fab)
      (effects (font (size 0.9 0.9) (thickness 0.135)))
    )
    (fp_line (start 0.187712 -1.56) (end 0.187712 -1.11) (layer F.SilkS) (width 0.12))
    (fp_line (start -0.037288 -1.335) (end 0.412712 -1.335) (layer F.SilkS) (width 0.12))
    (fp_line (start 0.80692 -1.2025) (end 0.80692 -0.7525) (layer F.Fab) (width 0.1))
    (fp_line (start 0.58192 -0.9775) (end 1.03192 -0.9775) (layer F.Fab) (width 0.1))
    (fp_circle (center 2.5 0) (end 6.22 0) (layer F.CrtYd) (width 0.05))
    (fp_circle (center 2.5 0) (end 4.75 0) (layer F.Fab) (width 0.1))
    (fp_arc (start 2.5 0) (end 0.380259 1.06) (angle -126.864288) (layer F.SilkS) (width 0.12))
    (fp_arc (start 2.5 0) (end 0.380259 -1.06) (angle 126.864288) (layer F.SilkS) (width 0.12))
    (pad 2 thru_hole circle (at 5 0) (size 1.6 1.6) (drill 0.8) (layers *.Cu *.Mask)
      (net 5 GND))
    (pad 1 thru_hole rect (at 0 0) (size 1.6 1.6) (drill 0.8) (layers *.Cu *.Mask)
      (net 6 +3V3))
    (model ${KISYS3DMOD}/Capacitor_THT.3dshapes/CP_Radial_Tantal_D4.5mm_P5.00mm.wrl
      (at (xyz 0 0 0))
      (scale (xyz 1 1 1))
      (rotate (xyz 0 0 0))
    )
  )

  (module Capacitor_THT:CP_Radial_Tantal_D4.5mm_P5.00mm (layer F.Cu) (tedit 5AE50EF0) (tstamp 5E2A4E7A)
    (at 9.305001 99.275001)
    (descr "CP, Radial_Tantal series, Radial, pin pitch=5.00mm, , diameter=4.5mm, Tantal Electrolytic Capacitor, http://cdn-reichelt.de/documents/datenblatt/B300/TANTAL-TB-Serie%23.pdf")
    (tags "CP Radial_Tantal series Radial pin pitch 5.00mm  diameter 4.5mm Tantal Electrolytic Capacitor")
    (path /5E2A98D2)
    (fp_text reference C16 (at 2.5 -3.5) (layer F.SilkS)
      (effects (font (size 1 1) (thickness 0.15)))
    )
    (fp_text value C_Small (at 2.5 3.5) (layer F.Fab)
      (effects (font (size 1 1) (thickness 0.15)))
    )
    (fp_arc (start 2.5 0) (end 0.380259 -1.06) (angle 126.864288) (layer F.SilkS) (width 0.12))
    (fp_arc (start 2.5 0) (end 0.380259 1.06) (angle -126.864288) (layer F.SilkS) (width 0.12))
    (fp_circle (center 2.5 0) (end 4.75 0) (layer F.Fab) (width 0.1))
    (fp_circle (center 2.5 0) (end 6.22 0) (layer F.CrtYd) (width 0.05))
    (fp_line (start 0.58192 -0.9775) (end 1.03192 -0.9775) (layer F.Fab) (width 0.1))
    (fp_line (start 0.80692 -1.2025) (end 0.80692 -0.7525) (layer F.Fab) (width 0.1))
    (fp_line (start -0.037288 -1.335) (end 0.412712 -1.335) (layer F.SilkS) (width 0.12))
    (fp_line (start 0.187712 -1.56) (end 0.187712 -1.11) (layer F.SilkS) (width 0.12))
    (fp_text user %R (at 2.5 0) (layer F.Fab)
      (effects (font (size 0.9 0.9) (thickness 0.135)))
    )
    (pad 1 thru_hole rect (at 0 0) (size 1.6 1.6) (drill 0.8) (layers *.Cu *.Mask)
      (net 6 +3V3))
    (pad 2 thru_hole circle (at 5 0) (size 1.6 1.6) (drill 0.8) (layers *.Cu *.Mask)
      (net 5 GND))
    (model ${KISYS3DMOD}/Capacitor_THT.3dshapes/CP_Radial_Tantal_D4.5mm_P5.00mm.wrl
      (at (xyz 0 0 0))
      (scale (xyz 1 1 1))
      (rotate (xyz 0 0 0))
    )
  )

  (module Diode_THT:D_DO-41_SOD81_P10.16mm_Horizontal (layer F.Cu) (tedit 5AE50CD5) (tstamp 5E2A4E99)
    (at 208.75 122.07 180)
    (descr "Diode, DO-41_SOD81 series, Axial, Horizontal, pin pitch=10.16mm, , length*diameter=5.2*2.7mm^2, , http://www.diodes.com/_files/packages/DO-41%20(Plastic).pdf")
    (tags "Diode DO-41_SOD81 series Axial Horizontal pin pitch 10.16mm  length 5.2mm diameter 2.7mm")
    (path /5E3AB7F2/5E55298C)
    (fp_text reference D1 (at 5.08 -2.47 180) (layer F.SilkS)
      (effects (font (size 1 1) (thickness 0.15)))
    )
    (fp_text value 1N4001 (at 5.08 2.47 180) (layer F.Fab)
